1.000000 
0.202377 
0.183653 
0.211122 
0.214267 
0.213059 
0.233829 
0.236208 
0.177360 
0.206261 
0.226405 
0.218294 
0.247006 
0.211249 
0.181430 
0.190570 
0.187799 
0.201980 
0.170283 
0.211941 
0.214760 
0.203089 
0.203254 
0.218373 
0.198266 
0.210919 
0.230034 
0.205506 
0.271765 
0.198705 
0.226162 
0.219662 
0.199745 
0.187846 
0.267236 
0.242330 
0.173780 
0.244060 
0.215822 
0.184234 
0.197159 
0.189084 
0.248232 
0.229384 
0.201551 
0.207204 
0.198718 
0.223048 
0.184955 
0.224148 
0.210609 
0.216978 
0.212925 
0.182278 
0.303196 
0.237165 
0.199881 
0.175277 
0.197718 
0.231517 
0.226708 
0.228461 
0.237014 
0.210655 
0.247726 
0.222943 
0.196332 
0.201408 
0.271221 
0.183356 
0.234387 
0.218571 
0.224805 
0.173128 
0.205039 
0.214898 
0.233268 
0.238769 
0.232460 
0.252019 
0.235542 
0.199869 
0.180563 
0.253856 
0.224157 
0.167371 
0.198890 
0.252016 
0.216928 
0.219382 
0.206646 
0.233911 
0.203766 
0.196393 
0.177644 
0.206983 
0.197984 
0.200525 
0.197653 
0.224413 
0.236182 
0.222615 
0.178502 
0.191898 
0.196134 
0.229464 
0.205005 
0.223364 
0.230767 
0.264049 
0.222253 
0.206053 
0.184349 
0.210111 
0.216848 
0.175596 
0.200103 
0.216409 
0.228019 
0.177654 
0.193542 
0.214387 
0.210311 
0.245444 
0.205918 
0.218404 
0.188417 
0.199564 
0.249068 
0.232442 
0.208713 
0.202077 
0.234433 
0.233681 
0.232499 
0.212870 
0.166223 
0.218027 
0.211207 
0.227746 
0.202895 
0.194713 
0.223188 
0.192439 
0.223029 
0.231769 
0.184893 
0.214546 
0.222868 
0.186104 
0.222336 
0.209200 
0.201876 
0.224540 
0.213870 
0.203123 
0.234258 
0.225982 
0.196297 
0.255503 
0.208530 
0.210210 
0.223379 
0.259604 
0.203127 
0.223980 
0.200008 
0.220920 
0.216078 
0.267196 
0.198678 
0.287451 
0.189105 
0.186137 
0.239684 
0.189613 
0.237456 
0.191034 
0.190622 
0.179687 
0.216320 
0.229039 
0.243469 
0.222080 
0.208136 
0.200571 
0.203031 
0.314221 
0.234176 
0.182657 
0.230618 
0.221035 
0.186252 
0.206681 
0.195121 
0.192395 
0.213941 
0.194662 
0.211823 
0.206631 
0.211137 
0.221973 
0.220034 
0.197397 
0.210624 
0.264668 
0.204307 
0.237725 
0.222767 
0.192605 
0.285581 
0.197739 
0.241364 
0.264584 
0.183519 
0.200049 
0.212201 
0.214623 
0.222004 
0.240511 
0.262936 
0.238717 
0.206809 
0.231437 
0.182828 
0.256749 
0.204968 
0.171545 
0.175313 
0.234153 
0.178961 
0.212838 
0.211199 
0.205272 
0.190056 
0.227280 
0.240616 
0.196413 
0.196938 
0.200223 
0.213993 
0.200982 
0.199938 
0.161457 
0.192762 
0.213900 
0.209034 
0.199853 
0.182757 
0.204479 
0.206364 
0.231485 
0.175535 
0.216342 
0.193347 
0.204370 
0.202058 
0.189950 
0.237322 
0.222259 
0.203729 
0.234663 
0.220928 
0.211046 
0.226850 
0.198901 
0.191097 
0.184096 
0.194763 
0.182273 
0.283122 
0.206810 
0.193934 
0.207651 
0.178964 
0.224756 
0.230217 
0.206254 
0.227786 
0.231374 
0.241033 
0.209578 
0.184049 
0.193016 
0.253971 
0.240316 
0.190728 
0.176608 
0.205456 
0.207762 
0.221010 
0.215140 
0.186791 
0.217347 
0.208443 
0.202916 
0.212817 
0.242736 
0.176693 
0.196384 
